1.4416646388714105
1.4416646388714105
1.4416646388714105
1.4416646388714105
1.4416646388714105
1.4416646388714105
1.4416646388714105
1.4416646388714105
1.4416646388714105
1.4416646388714105
1.4416646388714105
1.4416646388714105
1.4416646388714105
1.4416646388714105
1.4416646388714105
1.4416646388714105
1.4416646388714105
1.4416646388714105
1.4416646388714105
1.4416646388714105
1.44166463887141051.4416646388714105
1.4416646388714105
1.4416646388714105
1.4416646388714105
1.4416646388714105
1.4416646388714105
1.4416646388714105
1.4416646388714105
1.4416646388714105
1.4416646388714105
1.4416646388714105
1.4416646388714105
1.4416646388714105
1.4416646388714105
1.4416646388714105
1.4416646388714105
1.4416646388714105
1.4416646388714105
1.4416646388714105
1.4416646388714105
1.4416646388714105